1 9 0.2 10.4 0.2 36.8 0.3 3400 200
2 9.1 0.6 10.5 1 36.8 0.8 3500 400
3 8.9 0.1 10.1 0.3 36.5 0.3 3281 0.44
4 9 0.5 10.4 0.5 36.9 0.5 3400 0.9
5 8.9 0.1 10.4 0.1 37 0.1 3400 51
6 9 0.3 10.4 0.3 36.7 0.5 3435 158.5
7 9.1 0.2 10.5 0.2 36.9 0.2 3510 100
8 9 0.25 10 0.25 36.5 0.5 3285 129.4
8 9.1 0.1 10.5 0.3 36.6 0.2 3500 0.37
9 9 0.5 10 0.5 36.8 0.5 3312 252
10 9.2 0.2 10.5 0.3 36.8 0.2 3554 129
2 9 0.5 10.5 0.5 37 0.5 3496.5 260.2
6 9 0.2 10.3 0.2 35.6 0.2 3300.12 99.137
4 9 0.5 10.5 0.5 37 0.5 3496.5 260
5 9 0.3 10.5 0.3 37 0.3 3500 200
8 9 1 11 1 37 1 3663 839
1 9 0.4 10.5 0.4 32 0.4 3024 181.5
7 9.1 0.25 10.4 0.25 36.9 0.25 3490 130
3 9 0.2 10.3 0.2 36.8 0.3 3411.36 0.2
10 8.87 0.05 10.05 0.05 36.65 0.11 3267 26.4
10 8.9 0.34 10.1 0.34 36.6 0.34 3289.97 170.284
9 9 0.1 10 0.1 36.5 0.2 3285 52.3
5 9 0.05 10 0.15 37 0.1 3330 54.021
4 9 1 10 1 37 1 3330 500
8 9 0.5 10.5 0.5 36.5 0.5 3449 550
8 9 0.04 10.6 0.06 36.8 0.04 3490 20
8 9 0.3 10.5 0.3 36.6 1.1 3500 200
10 8.43 0.212 9.5 0.224 36.23 0.309 2901.48 126
6 9.125 0.139 10.475 0.315 36.7 0.27 3507.946 120
1 9 0.03 10.1 0.11 36.9 0.04 3354 90
7 9.2 0.03 10.8 0.04 37 0.03 3678 46
3 8.92143 0.2 10.1643 0.4 36.507 0.5 3310.65 159.9
1 8.97 0.03 10.37 0.03 36.86 0.05 3428.677 118
9 9 0 10 0 36.4 0.3 3276 54
9 9 0.3 10.2 0.3 36.8 0.25 3378.4 159.1
10 9 0.3 10.3 0.3 36.8 0.3 3410 130
2 9 1 10.3 1.17 36.8 1.12 3410 400
3 9.1 0.3 10.4 0.3 37 0.5 3500 170
4 9.07 0.3 10.4 0.3 36.8 0.3 3470 150
5 8.8 0.3 10.4 0.4 36.8 0.3 3368 175
7 9.03 0.1 10.48 0.1 36.88 0.3 3486 58
5 8.7 0.33 10.3 0.33 36.6 0.33 3280 5
8 9 0.3 10 0.3 36 0.5 3240 189.7
9 9 0.1 10 0.1 36.5 0.1 3280 48.9
1 9 0.1 10.3 0.2 36.9 0.2 3421 120
2 9 0.5 10.5 0.5 37 0.5 3496.5 260
4 9 1 10 1 37 1 3330 506
7 9 1 10 1 37 1 3330 506
10 9 0.2 10.5 0.5 36.5 0.5 3950 190
1 9 0.5 10.2 0.5 36.7 0.5 3320 250
2 9 1 10 1 37 1 3300 500
3 9 0.5 10 0.5 36 0.5 3200 350
4 9 0.2 10 0.5 37 0.2 3300 200
5 9 0.5 10.5 0.5 37 0.5 3496 0.87
6 9.1 0.2 10.6 0.2 36.7 0.2 3540 160
7 9 0.1 10.2 0.1 36.9 0.1 3400 500
8 9.1 0.1 10.3 0.1 36.9 0.1 3460 80
8 9 0.05 10.15 0.05 36.75 0.1 3360 30
9 9 0.5 10 0.5 32 0.5 2900 200
2 9.1 0.5 11 0.5 36.5 0.5 3650 410
2 9 0.25 10.5 0.25 37 0.25 3496.5 204
1 9.5 0.5 11.9 0.3 36.5 0.5 4130 50
2 9.1 0.3 10.4 0.3 37 0.3 3500 150
1 9 1.4 10.4 1.4 36.8 1.4 3423 72
1 9 0.5 10.5 0.5 37.1 0.5 3510 410
2 9.1 0.1 10.7 0.2 36.7 0.2 3570 30
2 9.1 0.5 10.7 0.5 36.9 0.5 3600 260
2 9 0.3 11.1 1 36 1 3564 363
1 9 0.5 10 0.5 36.5 0.5 3285 250
1 9 0.3 10 0.3 37 0.5 3330 156
2 9 0.5 10.5 0.5 36.5 0.5 3450 400
2 9 0.5 10.5 0.5 37 0.5 3500 140
2 9 0.5 10 0.5 36.5 0.5 3290 240
1 9.1 0.2 10.5 0.2 36.7 0.2 3510 100
2 9.5 0.5 10.5 0.5 37 0.5 3690 270
2 9 0.3 10.5 0.3 37 0.3 3500 160
3 9 0.2 10.1 0.2 36.7 0.2 3340 100
3 8.9 0.1 10 0.1 36.6 0.1 3260 50
4 9.2 0.1 10 0.02 36.4 0.4 3400 480
5 8.9 0.1 10 0.1 36.5 0.5 3250 70
6 9 0.3 10.5 0.3 37 0.3 3500 160
6 9 0.5 11 0.5 37 0.5 3660 270
7 8.9 0.5 10.5 0.5 36.2 0.5 3380 250
7 9 0.5 11 0.5 37 0.5 3660 420
8 8 0.5 10 0.5 36 0.5 2880 1700
9 9 0.1 10.2 0.1 35.1 0.1 3220 50
9 9 0.5 10 0.5 37 0.5 3330 400
5 9 0.3 10.5 0.3 36.6 0.3 3460 150
9 9 0.5 11 0.5 37 0.5 3663 258
10 9.1 0.5 10.4 0.5 36.8 0.5 3480 260
9 8.8 0.15 10.3 0.15 36.6 0.15 3320 80
3 8.9 0.5 10.3 0.5 36.6 0.5 3400 250
6 9 1 10 1 36 0.1 3200 390
10 9 0.5 10 0.5 37 0.5 3330 250
8 9 0.4 10.7 0.4 37 0.6 3600 140
7 9 0.5 10 0.5 37 0.5 3300 130
9 9 0.3 10 0.3 36.6 0.3 3330 0.52
10 9 0.5 10 0.5 37 0.5 3330 392.7
6 9 1 10 1 37 1 3300 300
5 9.1 0.5 10.5 0.5 36.8 0.5 3520 260
7 9.2 0.5 10.3 0.5 37 0.5 3500 260
4 9 0.1 10.4 0.1 36.9 0.1 3450 50
8 9 0.05 10.3 0.17 37.18 0.09 3440 60
7 9 0.05 10 0.1 36.5 0.05 3285 37.85
7 9 0.1 10 0.1 37 0.5 3330 70
8 9 1 10 1 37 1 3330 1.732050808
3 8.8 0.1 10.2 0.1 36.6 0.1 3309.9 39
9 9 0.1 10 0.2 36.7 0.3 3303 80.24845
4 9 0.1 10 0.1 37 0.1 3330 50.6
3 8.8 0.2 10 0.2 36.6 0.2 3220.8 99.8
1 9 1 11 1 37 1 3663 0.15
2 9 0.3 11 0.2 37 0.5 3700 90
4 9.1 0.2 10.2 0.2 32 0.2 2970.24 139.6
5 9 0.1 10 0.1 37 0.1 3330 0.3
5 9 0.5 10.2 0.5 36.8 0.5 3378.2 0.87
3 9 0 10 0.1 37 0.06 3400 0.164
4 9.02 0.02 10.16 0.02 36.72 0.05 3365.14 11.8
6 9.1 0.4 10.3 0.4 36.8 0.4 3449 206
2 9.2 0.1 10.4 0.1 36.9 0.1 3530 115
1 8.8 0.2 10.5 0.3 37.1 0.3 3400 130
8 9 0.05 10.4 0.25 36.8 0.15 3444.48 0.3
9 9 0.25 10 0.25 36.75 0.25 3308 126.3
2 9 0.5 10 0.5 37 0.5 3330 252.9
1 9 1 10.8 1.4 37 1 3596.4 611.4
10 9 0.67 10.5 0.67 36.8 0.67 3411 339
8 9 0.5 10.5 0.5 36 0.5 3400 300
7 9 0.5 10.5 0.5 37 0.5 3500 300
6 9 0.5 10 0.5 36.9 0.5 3320 250
5 9 0.1 10.5 0.3 36.9 0.1 3500 100
4 9 0.5 10 0.5 37 0.5 3330 253
3 9 0.5 10 0.5 37 0.5 3330 252.9
1 9.1 0.1 10.6 0.1 36.9 0.1 3560 1.4
1 9 0.7 10.2 0.8 36.7 0.9 3370 380
2 9.1 0.2 10.3 0.2 36.9 0.2 3460 100
2 9.1 0.1 10.3 0.1 36.9 0.1 3458.64 51.6
3 9.2 0.2 10.3 0.2 36.8 0.2 3490 104
4 9 0.5 10 0.5 37 0.5 3330 252.9
4 9 0.5 10.5 0.5 37 0.5 3496.5 260
5 9 1 10 1 37 1 3330 506
6 8 0.5 10 0.5 36 0.5 2900 234
6 9 0.5 10 1 37 0.5 3300 380
7 9.5 0.5 11.5 0.5 31.5 0.5 3441.38 238.301
8 9.1 0.2 10.5 0.2 36.8 0.2 3500 100
9 9.1 0.3 12.1 0.3 36.7 0.3 4041 169.9
10 9 0.2 10 0.2 37 0.5 3330 0.58
4 9.03 0.3 10.15 0.3 36.78 0.3 3371 152.64
9 9 1 10 1 36 1 3240 491
6 9 0.5 10.1 0.5 36.7 0.5 3300 200
8 9.1 0.2 10.4 0.2 37 0.2 3501 296
1 9 0.25 10.5 0.25 37 0.25 3496.5 188.1
5 8.9 0.2 10.3 0.2 36.5 0.5 3345.9 99.07
3 9.2 0.2 10.5 0.2 36.8 0.2 3550 163
7 9.2 0.3 10.4 0.3 36.7 0.3 3511 244
2 9.3 0.05 10.5 0.05 37 0.05 3613.1 0.087
10 9 0.3 10 0.3 36.7 0.4 3303 152.4
8 9.1 0.25 10.5 0.25 36.6 0.25 3497 129
6 8.9 0.2 10.1 0.1 36.6 0.3 3290 134
10 9 1 10 1 37 1 3330 506
7 9 0.5 10 0.5 36 0.5 324 0.6
1 9 0.5 10 0.5 36.5 0.5 3300 300
6 8.9 0.3 10 0.3 36.5 0.3 3248 7
2 9 0.5 10.5 0.5 36.5 0.5 3449.25 257
3 9 0.2 10.5 0.3 36.7 0.4 3470 130
9 9 0.1 10 0.1 37 0.1 3330 51
8 9 0.5 10 0.5 37 0.5 3300 28
5 9 0.5 10.2 0.5 36.5 0.5 3350.7 252.5
10 9.2 0.1 10.4 0.1 36.8 0.1 3521.024 0.1
2 8.9 0.2 10.5 0.2 36.8 0.2 3400 160
3 9 0 10 0 36 0.61 3200 0.6
4 9.5 0.5 10.5 0.5 37.5 0.5 3740.7 0.9
1 9 0.5 10 0.5 37 0.5 3000 200
2 9 1 11 1 37 1 4000 0
3 9 1 10 1 36 1 3200 492
4 9.5 0.5 10.5 0.5 37 0.5 3600 300
9 9 0.3 10 0.3 37 0.3 3300 152
7 9 0.25 10 0.25 37 0.25 3330 23.3
5 9 0.5 10 0.5 37 0.5 3300 410.6
3 9.1 0.3 10.2 0.3 36.5 0.3 3387.9 239.18
6 9 0.1 10.3 0.2 36.8 0.5 3411 100
8 9 0.4 10 0.4 37 0.2 3330 199.926
2 9 0.5 10 0.5 37 0.5 3330 253
10 9 0.1 10.1 0.1 36.6 0.2 3327 18
4 9.1 0.4 10.2 0.4 36.6 0.4 3400 300
9 9 0.1 10.3 0.1 37.7 0.1 3490 50
5 9 0.2 10.2 0.2 36.6 0.2 3400 100
6 9.3 0.1 10.5 0.1 37 0.1 3613.05 83.025
4 9 0.5 10 0.5 36.5 0.5 3285 391.7
9 9 0.2 10.5 0.2 37 0.2 3500 163
7 9.2 0.5 10.6 0.5 36.8 0.5 3589 263
10 9.2 0.2 10.3 0.2 36.8 0.2 3487.168 103.397
1 9 0.2 10 0.2 37 0.2 3330 101
3 9 0.05 10 0.05 36.5 0.05 3290 0.25
8 9.5 0.5 10.5 1 37 0.5 3690 400
9 9 0.5 10 0.5 37 0.5 3330 400
7 9.1 0.3 10.6 0.3 36.9 0.3 3600 200
7 9 1 11 1 37 1 3700 600
2 9 1 11 1 37 1 3663 536
2 9 0.707 11 0.707 37 0.707 3663 445.6
5 9.2 0.1 10.3 0.1 36.8 0.1 3490 52
3 9 0.5 11 0.5 36.5 0.5 3613.5 264
5 9 0.1 10 0.5 36 0.5 3240 171
2 9 0.5 10.5 0.5 37 0.5 3496.5 260
7 9 0.99 10.5 1.05 37 1.11 3496.5 520
10 9 1 10 1 36.5 1 3285 783.5
4 9.1 0.08 10.1 0.238 36.5 4.45 3354 4.46
10 9.1 0.3 10.6 0.3 37.5 0.5 3600 160
7 9.1 0.2 10.5 0.2 36.3 0.2 3468.465 102.66
8 8.9 0.2 10.1 0.2 36.5 0.3 3300 100
5 9 0.1 10 0.5 36.8 0.3 3312 172
6 9 1 10 1 37 1 3330 0.1519
8 9 0.5 10.4 0.5 36.9 0.5 3453.84 404.1
6 9 0.1 10.4 0.1 36.8 0.1 3440 80
3 9 0.5 10 0.5 36 0.5 3240 250
3 9 1 10 1 36 1 3240 774
7 9 0.5 11 0.5 37 0.5 3663 267.55
1 9.1 0.2 10.2 0.2 36.8 0.5 3400 100
9 9 0.2 10.3 0.3 36.8 0.3 3411.36 202.98
1 9.25 0.25 10.25 0.25 37 0.25 3508 0.433
4 9 0.082 10.225 0.171 36.775 0.216 3384.22 65.486
2 9 0.01 10.25 0.08 37 0.01 3413 27
1 9.1 0.2 10.7 0.2 36.9 0.2 3590 0
3 8.5 0.5 9.5 0.5 35.5 0.5 2866.625 230
4 9 0.1 10 0.1 37 0.1 3330 80
5 9 0.5 10.5 0.5 36.7 0.5 3468 405
6 8.9 0.5 10.5 0.5 36.8 0.5 3439 258
7 9 0.1 10 0.2 36.5 0.3 3285 79.7
8 9 0.5 10 0.5 37 0.5 3330 253
9 9.3 0.3 10.8 0.3 36.9 0.3 3700 105
10 9 0.2 10.4 0.3 36.8 0.3 3444.48 6.93
2 9.3 0.1 10.6 0.1 36.7 0.1 3620 53
3 8 0.5 11 0.5 37 0.5 3256 255
7 8.9 0.5 10.5 0.5 36.8 0.5 3438.96 0.866
8 9.1 0.3 10.5 0.3 36.7 0.3 3506.7 0.5
9 9.1 0.04 10.1 0.26 37 0.26 3300 0.37
4 9.2 1.211 10.4 1.414 37.1 1.414 3549.7 74.29
6 9 0 10.05 0.486 36.4 0.72 3292.38 28.5
